10,144
10,190
10,288
10,234
10,266
10,278
10,270
10,128
10,2
10,3
11,2
48,4
48,3
9,6
9,4
48,2
48,1
48,0
47,3
47,2
47,1
47,0
46,3
8,15
8,13
8,18
46,2
46,1
46,0
45,5
45,4
45,3
45,2
45,1
45,0
44,4
44,3
44,2
44,1
44,0
42,5
42,4
42,3
42,2
42,1
42,0
39,5
39,4
39,3
39,2
39,1
39,0
37,5
37,4
37,3
37,2
37,1
37,0
35,5
35,4
35,3
35,2
35,1
35,0
33,4
33,3
33,2
33,1
33,0
25,3
25,1
20,3
20,2
20,1
12,3
19,2
12,2
19,1
12,1
11,29
11,28
11,27
11,26
11,25
11,24
11,23
11,22
11,21
11,20
11,19
11,18
11,17
11,16
11,15
19,3
11,14
11,13
11,12
11,11
11,10
11,9
11,8
11,7
11,6
11,1
11,4
11,3
10,282
10,276
18,1
